2 4

0	8.06226	-1	7.66485	-1	2.29129	5.12348	10.8526	6.09016	7.0484	9.26688	
8.06226	0	-1	0.866025	-1	9.5	10.0623	13.3409	2.02237	1.03923	12.0156	
-1	-1	-1	-1	-1	-1	-1	-1	-1	-1	-1	
7.66485	0.866025	-1	0	-1	9.24662	9.51315	12.4792	1.59374	1.10905	11.1636	
-1	-1	-1	-1	-1	-1	-1	-1	-1	-1	-1	
2.29129	9.5	-1	9.24662	-1	0	5.61249	12.6858	7.65768	8.48116	11.1747	
5.12348	10.0623	-1	9.51315	-1	5.61249	0	9.29139	8.2668	9.30215	8.28402	
10.8526	13.3409	-1	12.4792	-1	12.6858	9.29139	0	11.9537	12.9375	1.73349	
6.09016	2.02237	-1	1.59374	-1	7.65768	8.2668	11.9537	0	1.13578	10.5364	
7.0484	1.03923	-1	1.10905	-1	8.48116	9.30215	12.9375	1.13578	0	11.5436	
9.26688	12.0156	-1	11.1636	-1	11.1747	8.28402	1.73349	10.5364	11.5436	0	

1 3

0	-1	-1	-1	-1	2.29129	5.12348	10.8526	6.09016	7.0484	9.26688	7.85414	
-1	-1	-1	-1	-1	-1	-1	-1	-1	-1	-1	-1	
-1	-1	-1	-1	-1	-1	-1	-1	-1	-1	-1	-1	
-1	-1	-1	-1	-1	-1	-1	-1	-1	-1	-1	-1	
-1	-1	-1	-1	-1	-1	-1	-1	-1	-1	-1	-1	
2.29129	-1	-1	-1	-1	0	5.61249	12.6858	7.65768	8.48116	11.1747	9.36416	
5.12348	-1	-1	-1	-1	5.61249	0	9.29139	8.2668	9.30215	8.28402	9.782	
10.8526	-1	-1	-1	-1	12.6858	9.29139	0	11.9537	12.9375	1.73349	12.91	
6.09016	-1	-1	-1	-1	7.65768	8.2668	11.9537	0	1.13578	10.5364	1.76847	
7.0484	-1	-1	-1	-1	8.48116	9.30215	12.9375	1.13578	0	11.5436	0.983616	
9.26688	-1	-1	-1	-1	11.1747	8.28402	1.73349	10.5364	11.5436	0	11.5893	
7.85414	-1	-1	-1	-1	9.36416	9.782	12.91	1.76847	0.983616	11.5893	0	

9 11

0	-1	-1	-1	-1	2.29129	5.12348	10.8526	6.09016	-1	9.26688	-1	7.44593	
-1	-1	-1	-1	-1	-1	-1	-1	-1	-1	-1	-1	-1	
-1	-1	-1	-1	-1	-1	-1	-1	-1	-1	-1	-1	-1	
-1	-1	-1	-1	-1	-1	-1	-1	-1	-1	-1	-1	-1	
-1	-1	-1	-1	-1	-1	-1	-1	-1	-1	-1	-1	-1	
2.29129	-1	-1	-1	-1	0	5.61249	12.6858	7.65768	-1	11.1747	-1	8.92003	
5.12348	-1	-1	-1	-1	5.61249	0	9.29139	8.2668	-1	8.28402	-1	9.53241	
10.8526	-1	-1	-1	-1	12.6858	9.29139	0	11.9537	-1	1.73349	-1	12.9144	
6.09016	-1	-1	-1	-1	7.65768	8.2668	11.9537	0	-1	10.5364	-1	1.40245	
-1	-1	-1	-1	-1	-1	-1	-1	-1	-1	-1	-1	-1	
9.26688	-1	-1	-1	-1	11.1747	8.28402	1.73349	10.5364	-1	0	-1	11.556	
-1	-1	-1	-1	-1	-1	-1	-1	-1	-1	-1	-1	-1	
7.44593	-1	-1	-1	-1	8.92003	9.53241	12.9144	1.40245	-1	11.556	-1	0	

8 12

0	-1	-1	-1	-1	2.29129	5.12348	10.8526	-1	-1	9.26688	-1	-1	6.76566	
-1	-1	-1	-1	-1	-1	-1	-1	-1	-1	-1	-1	-1	-1	
-1	-1	-1	-1	-1	-1	-1	-1	-1	-1	-1	-1	-1	-1	
-1	-1	-1	-1	-1	-1	-1	-1	-1	-1	-1	-1	-1	-1	
-1	-1	-1	-1	-1	-1	-1	-1	-1	-1	-1	-1	-1	-1	
2.29129	-1	-1	-1	-1	0	5.61249	12.6858	-1	-1	11.1747	-1	-1	8.28322	
5.12348	-1	-1	-1	-1	5.61249	0	9.29139	-1	-1	8.28402	-1	-1	8.89448	
10.8526	-1	-1	-1	-1	12.6858	9.29139	0	-1	-1	1.73349	-1	-1	12.4235	
-1	-1	-1	-1	-1	-1	-1	-1	-1	-1	-1	-1	-1	-1	
-1	-1	-1	-1	-1	-1	-1	-1	-1	-1	-1	-1	-1	-1	
9.26688	-1	-1	-1	-1	11.1747	8.28402	1.73349	-1	-1	0	-1	-1	11.0357	
-1	-1	-1	-1	-1	-1	-1	-1	-1	-1	-1	-1	-1	-1	
-1	-1	-1	-1	-1	-1	-1	-1	-1	-1	-1	-1	-1	-1	
6.76566	-1	-1	-1	-1	8.28322	8.89448	12.4235	-1	-1	11.0357	-1	-1	0	

7 10

0	-1	-1	-1	-1	2.29129	5.12348	-1	-1	-1	-1	-1	-1	6.76566	10.0537	
-1	-1	-1	-1	-1	-1	-1	-1	-1	-1	-1	-1	-1	-1	-1	
-1	-1	-1	-1	-1	-1	-1	-1	-1	-1	-1	-1	-1	-1	-1	
-1	-1	-1	-1	-1	-1	-1	-1	-1	-1	-1	-1	-1	-1	-1	
-1	-1	-1	-1	-1	-1	-1	-1	-1	-1	-1	-1	-1	-1	-1	
2.29129	-1	-1	-1	-1	0	5.61249	-1	-1	-1	-1	-1	-1	8.28322	11.9227	
5.12348	-1	-1	-1	-1	5.61249	0	-1	-1	-1	-1	-1	-1	8.89448	8.75935	
-1	-1	-1	-1	-1	-1	-1	-1	-1	-1	-1	-1	-1	-1	-1	
-1	-1	-1	-1	-1	-1	-1	-1	-1	-1	-1	-1	-1	-1	-1	
-1	-1	-1	-1	-1	-1	-1	-1	-1	-1	-1	-1	-1	-1	-1	
-1	-1	-1	-1	-1	-1	-1	-1	-1	-1	-1	-1	-1	-1	-1	
-1	-1	-1	-1	-1	-1	-1	-1	-1	-1	-1	-1	-1	-1	-1	
-1	-1	-1	-1	-1	-1	-1	-1	-1	-1	-1	-1	-1	-1	-1	
6.76566	-1	-1	-1	-1	8.28322	8.89448	-1	-1	-1	-1	-1	-1	0	11.7181	
10.0537	-1	-1	-1	-1	11.9227	8.75935	-1	-1	-1	-1	-1	-1	11.7181	0	

0 5

-1	-1	-1	-1	-1	-1	-1	-1	-1	-1	-1	-1	-1	-1	-1	-1	
-1	-1	-1	-1	-1	-1	-1	-1	-1	-1	-1	-1	-1	-1	-1	-1	
-1	-1	-1	-1	-1	-1	-1	-1	-1	-1	-1	-1	-1	-1	-1	-1	
-1	-1	-1	-1	-1	-1	-1	-1	-1	-1	-1	-1	-1	-1	-1	-1	
-1	-1	-1	-1	-1	-1	-1	-1	-1	-1	-1	-1	-1	-1	-1	-1	
-1	-1	-1	-1	-1	-1	-1	-1	-1	-1	-1	-1	-1	-1	-1	-1	
-1	-1	-1	-1	-1	-1	0	-1	-1	-1	-1	-1	-1	8.89448	8.75935	5.25	
-1	-1	-1	-1	-1	-1	-1	-1	-1	-1	-1	-1	-1	-1	-1	-1	
-1	-1	-1	-1	-1	-1	-1	-1	-1	-1	-1	-1	-1	-1	-1	-1	
-1	-1	-1	-1	-1	-1	-1	-1	-1	-1	-1	-1	-1	-1	-1	-1	
-1	-1	-1	-1	-1	-1	-1	-1	-1	-1	-1	-1	-1	-1	-1	-1	
-1	-1	-1	-1	-1	-1	-1	-1	-1	-1	-1	-1	-1	-1	-1	-1	
-1	-1	-1	-1	-1	-1	-1	-1	-1	-1	-1	-1	-1	-1	-1	-1	
-1	-1	-1	-1	-1	-1	8.89448	-1	-1	-1	-1	-1	-1	0	11.7181	7.47532	
-1	-1	-1	-1	-1	-1	8.75935	-1	-1	-1	-1	-1	-1	11.7181	0	10.9682	
-1	-1	-1	-1	-1	-1	5.25	-1	-1	-1	-1	-1	-1	7.47532	10.9682	0	

6 15

-1	-1	-1	-1	-1	-1	-1	-1	-1	-1	-1	-1	-1	-1	-1	-1	-1	
-1	-1	-1	-1	-1	-1	-1	-1	-1	-1	-1	-1	-1	-1	-1	-1	-1	
-1	-1	-1	-1	-1	-1	-1	-1	-1	-1	-1	-1	-1	-1	-1	-1	-1	
-1	-1	-1	-1	-1	-1	-1	-1	-1	-1	-1	-1	-1	-1	-1	-1	-1	
-1	-1	-1	-1	-1	-1	-1	-1	-1	-1	-1	-1	-1	-1	-1	-1	-1	
-1	-1	-1	-1	-1	-1	-1	-1	-1	-1	-1	-1	-1	-1	-1	-1	-1	
-1	-1	-1	-1	-1	-1	-1	-1	-1	-1	-1	-1	-1	-1	-1	-1	-1	
-1	-1	-1	-1	-1	-1	-1	-1	-1	-1	-1	-1	-1	-1	-1	-1	-1	
-1	-1	-1	-1	-1	-1	-1	-1	-1	-1	-1	-1	-1	-1	-1	-1	-1	
-1	-1	-1	-1	-1	-1	-1	-1	-1	-1	-1	-1	-1	-1	-1	-1	-1	
-1	-1	-1	-1	-1	-1	-1	-1	-1	-1	-1	-1	-1	-1	-1	-1	-1	
-1	-1	-1	-1	-1	-1	-1	-1	-1	-1	-1	-1	-1	-1	-1	-1	-1	
-1	-1	-1	-1	-1	-1	-1	-1	-1	-1	-1	-1	-1	-1	-1	-1	-1	
-1	-1	-1	-1	-1	-1	-1	-1	-1	-1	-1	-1	-1	0	11.7181	-1	-1	
-1	-1	-1	-1	-1	-1	-1	-1	-1	-1	-1	-1	-1	11.7181	0	-1	-1	
-1	-1	-1	-1	-1	-1	-1	-1	-1	-1	-1	-1	-1	-1	-1	-1	-1	
-1	-1	-1	-1	-1	-1	-1	-1	-1	-1	-1	-1	-1	-1	-1	-1	-1	

13 14

-1	-1	-1	-1	-1	-1	-1	-1	-1	-1	-1	-1	-1	-1	-1	-1	-1	-1	
-1	-1	-1	-1	-1	-1	-1	-1	-1	-1	-1	-1	-1	-1	-1	-1	-1	-1	
-1	-1	-1	-1	-1	-1	-1	-1	-1	-1	-1	-1	-1	-1	-1	-1	-1	-1	
-1	-1	-1	-1	-1	-1	-1	-1	-1	-1	-1	-1	-1	-1	-1	-1	-1	-1	
-1	-1	-1	-1	-1	-1	-1	-1	-1	-1	-1	-1	-1	-1	-1	-1	-1	-1	
-1	-1	-1	-1	-1	-1	-1	-1	-1	-1	-1	-1	-1	-1	-1	-1	-1	-1	
-1	-1	-1	-1	-1	-1	-1	-1	-1	-1	-1	-1	-1	-1	-1	-1	-1	-1	
-1	-1	-1	-1	-1	-1	-1	-1	-1	-1	-1	-1	-1	-1	-1	-1	-1	-1	
-1	-1	-1	-1	-1	-1	-1	-1	-1	-1	-1	-1	-1	-1	-1	-1	-1	-1	
-1	-1	-1	-1	-1	-1	-1	-1	-1	-1	-1	-1	-1	-1	-1	-1	-1	-1	
-1	-1	-1	-1	-1	-1	-1	-1	-1	-1	-1	-1	-1	-1	-1	-1	-1	-1	
-1	-1	-1	-1	-1	-1	-1	-1	-1	-1	-1	-1	-1	-1	-1	-1	-1	-1	
-1	-1	-1	-1	-1	-1	-1	-1	-1	-1	-1	-1	-1	-1	-1	-1	-1	-1	
-1	-1	-1	-1	-1	-1	-1	-1	-1	-1	-1	-1	-1	-1	-1	-1	-1	-1	
-1	-1	-1	-1	-1	-1	-1	-1	-1	-1	-1	-1	-1	-1	-1	-1	-1	-1	
-1	-1	-1	-1	-1	-1	-1	-1	-1	-1	-1	-1	-1	-1	-1	-1	-1	-1	
-1	-1	-1	-1	-1	-1	-1	-1	-1	-1	-1	-1	-1	-1	-1	-1	-1	-1	
-1	-1	-1	-1	-1	-1	-1	-1	-1	-1	-1	-1	-1	-1	-1	-1	-1	-1	

Final out graph:: 
0: 5 15 
1: 3 11 
2: 4 10 
3: 1 11 
4: 2 10 
5: 0 15 
6: 15 16 
7: 10 14 
8: 12 13 
9: 11 12 
10: 2 4 7 14 
11: 1 3 9 12 
12: 9 11 8 13 
13: 8 12 14 17 
14: 7 10 13 17 
15: 0 5 6 16 
16: 6 15 
17: 13 14 
